           0.    0.09432551         NaN         NaN         NaN         NaN         NaN         NaN         NaN           22.         NaN           21.         NaN   -0.03770896         NaN         NaN            0.      2.563427         NaN         NaN         NaN         NaN         NaN         NaN       NaN       NaN         NaN         NaN         NaN         NaN         NaN         NaN         NaN         NaN           1           0       NaN       NaN         NaN         NaN
    0.5076277    0.07518339   4.903908E-4   0.002500512   0.001768129          0.05    0.08552608            0.      51.97901           22.    0.02242626           21.    0.02287002   -0.03574058    0.01415953     0.3961751     0.8440853      2.809695   0.007104972   0.007058833    0.09432551    0.09432551      2.563427      2.563427           1           1   -0.01039744    0.04172019   0.007581992    0.04002107  -0.007426388    0.01151098     0.1206227    0.04895261          13           0           1           0         NaN            2.
    0.5583904     0.0733691   5.255065E-4   0.002679568   0.001894741          0.05     0.0838725            0.      50.97403           22.    0.02419194           21.    0.02467063   -0.03536418    0.01377297     0.3894611     0.8644393      2.836217   0.007804626   0.007748757    0.09432551    0.09432551      2.563427      2.563427           1           1    -0.0103542    0.04091547   0.007101811    0.03923672  -0.007392746     0.0113343     0.1182469    0.04722491          13           0           1           0         NaN            2.
    0.6142295     0.0713944   5.615254E-4   0.002863229   0.002024609          0.05    0.08201152            0.      49.84301           22.    0.02602068           21.    0.02653556   -0.03495103    0.01335674     0.3821559     0.8852841       2.86584   0.008573169   0.008506147    0.09432551    0.09432551      2.563427      2.563427           1           1   -0.01030371    0.04000968   0.006561238    0.03835523  -0.007353398    0.01113616     0.1155715     0.0453467          13           0           1           0         NaN            2.
    0.6756524     0.0692476   5.981326E-4    0.00304989   0.002156598          0.05    0.07991643            0.       48.5697           22.    0.02789154           21.    0.02844344   -0.03449607     0.0129101     0.3742484     0.9066316      2.898988   0.009418769   0.009337992    0.09432551    0.09432551      2.563427      2.563427           1           1   -0.01024792    0.03898978   0.005952477    0.03736421  -0.007311151    0.01091352     0.1125574    0.04331317          13           0           1           0         NaN            2.
    0.7432177    0.06691687   6.349011E-4   0.003237373   0.002289168          0.05    0.07754953            0.      47.13121           22.    0.02977202           21.    0.03036113   -0.03399547    0.01243388      0.365751     0.9284938      2.936161    0.01035049    0.01025286    0.09432551    0.09432551      2.563427      2.563427           1           1   -0.01018518    0.03783734   0.005262672    0.03624613  -0.007261672    0.01066367     0.1091485    0.04111877          13           0           1           0         NaN            2.
    0.8175395    0.06439026   6.714731E-4   0.003423854   0.002421031          0.05    0.07486495            0.      45.49964           22.    0.03161553           21.    0.03224111   -0.03344575    0.01193122     0.3567335     0.9508832      2.977949    0.01138185    0.01126358    0.09432551    0.09432551      2.563427      2.563427           1           1    -0.0101131    0.03652979   0.004480187    0.03497967  -0.007205995    0.01038172     0.1052775    0.03876228          13           0           1           0         NaN            2.
    0.8992935    0.06165594   7.075142E-4   0.003607629   0.002550979          0.05    0.07181469            0.      43.64582           22.    0.03336013           21.    0.03402025    -0.0328402    0.01140706     0.3473506     0.9738125      3.025063    0.01253117    0.01238801    0.09432551    0.09432551      2.563427      2.563427           1           1   -0.01003251    0.03504355   0.003589523    0.03354234  -0.007142792    0.01006375     0.1008721    0.03625211          13           0           1           0         NaN            2.
    0.9892228    0.05870264   7.427991E-4   0.003787547     0.0026782          0.05    0.06406721            0.      38.93724           22.    0.03273731           21.    0.03338511   -0.03431718    0.01035385     0.3017104     0.9972947      3.078356     0.0138262    0.01365224    0.09432551    0.09432551      2.563427      2.563427           1           1  -0.009318598    0.03123227   0.002410791    0.02990943  -0.006628984   0.009041943     0.0898509    0.02838394          13           0           1           0         NaN            2.
     1.088145    0.05530791   7.051877E-4   0.003595766    0.00254259          0.05    0.05040775            0.      30.63562           22.     0.0283333           21.    0.02889394   -0.03600512   0.008786611     0.2440378      1.021343      3.143032     0.0139324    0.01375578     0.3430489     0.3430489       1.16161       1.16161           5           5    -0.0085637    0.02452874    0.00105923     0.0234943  -0.003626745   0.007135205    0.07061551    0.01850902          13           0           1           0         NaN            2.
      1.19696    0.05139003   6.456456E-4   0.003292159   0.002327908          0.05    0.03675079            0.      22.33552           22.    0.02272267           21.    0.02317229   -0.03679074   0.007478281     0.2032653      1.045972      3.222803    0.01372715    0.01355585     0.3430489     0.3430489       1.16161       1.16161           5           5  -0.006143095    0.01786511   8.126654E-4     0.0171319  -0.004457549   0.006836619    0.04957574    0.01197201          13           0           1           0         NaN            2.
     1.316656    0.04698633   6.199853E-4   0.003161317   0.002235389          0.05    0.02867896            0.      17.42982           22.    0.01950513           21.    0.01989108   -0.03640354   0.006549235     0.1799065      1.071194      3.320071    0.01442171    0.01423256     0.3430489     0.3430489       1.16161       1.16161           5           5  -0.008503822    0.01381504  -6.572636E-4    0.01319876  -0.006181521   0.007358256    0.03456696   0.009317481          13           0           1           0         NaN            2.
     1.448321    0.04219323   5.993284E-4   0.003055987   0.002160909          0.05    0.02228458            0.      13.54359           22.     0.0166718           21.    0.01700169   -0.03579395   0.005615714       0.15689      1.097024      3.436893    0.01553276    0.01531372     0.3430489     0.5117741       1.16161     0.7273042           5           9  -0.009938001    0.01050636  -0.002094702   0.009992966  -0.006101173   0.007195916    0.02196616   0.007626283          13           0           1           0         NaN            2.
     1.593153    0.03700912   5.498370E-4   0.002803629   0.001982465          0.05    0.01588444            0.      9.653864           22.    0.01307201           21.    0.01333067   -0.03479119   0.004642447     0.1334375      1.123478      3.579228    0.01625156      0.016012     0.5117741     0.5117741     0.7273042     0.7273042           9           9  -0.008777803   0.007312966  -0.001711405   0.006942701  -0.005187334   0.006028095    0.01107665   0.005900297          13           0           1           0         NaN            2.
     1.752469    0.03146635   4.946786E-4   0.002522376   0.001783589          0.05    0.01013263            0.      6.158168           22.   0.009172454           21.   0.009353953   -0.03348796   0.003971973      0.118609      1.150569      3.755384    0.01720446     0.0169358     0.5117741     0.5117741     0.7273042     0.7273042           9           9  -0.006359975   0.004568798  -0.001053505   0.004333351  -0.003712835   0.004394055  -3.263429E-4   0.004170571          13           0           1           0         NaN            2.
     1.927716    0.02559769   4.897088E-4   0.002497035    0.00176567          0.05    0.01260831            0.      7.662778           22.    0.01255489           21.    0.01280332   -0.02961467   0.003623266      0.122347      1.178313      3.979498    0.02097235    0.02057505     0.5117741     0.5117741     0.7273042     0.7273042           9           9  -0.005390038   0.005928233  -0.001566951   0.005666477   -0.00155715   0.003069107   -0.01525615   0.003467268          13           0           1           0         NaN            2.
     2.120487    0.01988882   4.980315E-4   0.002539472   0.001795678          0.05    0.02705068            0.      15.91725           22.    0.02888816           21.    0.03001556   -0.01895509   0.002816859      0.148607      1.206727      4.253478    0.02753368    0.02685311     0.5952237     0.5952237     0.5632994     0.5632994          13          13  -0.005821161    0.01261395   0.002730187    0.01258057  -7.351799E-4   0.004965317   -0.03654097    0.00735648          13           0           1           0         NaN            2.
     2.332536    0.01586942   3.297659E-4   0.001806202   0.001277178          0.05    0.01612653            0.      9.931119           22.    0.01980291           21.    0.01971452   -0.01479364   0.001748186     0.1181715      1.235825      4.498597    0.02279946    0.02233016      0.720091      0.720091     0.3565315     0.3565315          21          21   -0.00736656   0.007859723  -0.002733649   0.007398094   7.325735E-4   0.007790713  -0.002907908    0.00732077          15           0           1           0         NaN            2.
      2.56579    0.01241875   2.398570E-4   0.001356836   9.594281E-4          0.05    0.01126142            0.      6.739551           22.    0.01479793           21.    0.01512395   -0.01185414   0.001262869      0.106534      1.265626      4.764805    0.02117513    0.02077021      0.720091      0.720091     0.3565315     0.3565315          21          21  -0.007111756   0.005223633  -0.001825254   0.005073166   0.005097316   0.001639395     0.0167903   0.002344422          16           0           1           0         NaN            2.
     2.822369   0.009377228   2.178561E-4   0.001307136   9.242850E-4          0.05    0.01108415            0.      6.771805           22.     0.0163497           21.    0.01638478  -0.009905828   9.677734E-4    0.09769737      1.296145      5.069814      0.025522    0.02493568      0.720091      0.720091     0.3565315     0.3565315          21          21  -0.007416123   0.005365505  -5.390815E-4   0.005087739   0.002726562   0.004050143    0.01254913    0.00404281          18           0           1           0         NaN            2.
     3.104606   0.006581438   1.647573E-4   0.001015632   7.181602E-4          0.05    0.01192963            0.      7.008726           22.     0.0186271           21.    0.01937631  -0.006007062   6.091783E-4     0.1014104      1.327399      5.454198    0.02752611    0.02684515     0.7635519     0.7756863     0.2929036     0.2757848          27          29  -0.006398474   0.005660901  -0.002142494   0.005630334   0.005562125   0.004402288   -0.01305022   0.004563909          19           0           1           0         NaN            2.
     3.415067   0.004716482   9.286355E-5   6.018245E-4   4.255542E-4          0.05    0.00851935            0.      5.028739           22.    0.01470205           21.    0.01522101  -0.003795743   3.381374E-4    0.08908331      1.359408      5.815955    0.02159046    0.02116954     0.8178313     0.8178313     0.2183407     0.2183407          37          37  -0.007953183    0.00385321   0.001708628   0.003774582   0.007071028   0.003458809   1.019405E-4   0.003386771          21           0           1           0         NaN            2.
     3.756574    0.00342021   6.863755E-5   4.655225E-4   3.291741E-4          0.05   0.008767292            0.      5.152971           22.    0.01657233           21.    0.01722903   -0.00286269   2.168283E-4    0.07574286      1.392188      6.164868     0.0220102    0.02157325     0.8440282     0.8440282     0.1841076     0.1841076          45          45  -0.006722781   0.004127232   -0.00161594   0.004097798   0.008258218   0.002761008    0.01107531   0.002817206          23           0           1           0         NaN            2.
     4.132231   0.002344819   4.385777E-5   3.162629E-4   2.236316E-4          0.05   0.008087375            0.      4.878939           22.    0.01725712           21.    0.01749065  -0.001662013   1.250365E-4    0.07523195      1.425759      6.574727    0.02050008    0.02012019     0.8487446     0.8691548     0.1780575     0.1522572          47          57   -0.00563293   0.004027804  -6.332955E-4   0.003894866    0.01079954   0.003190084  -0.005681467   0.003026758          26           0           1           0         NaN            2.
     4.545455   0.001658037   2.731437E-5   2.044020E-4   1.445340E-4          0.05   0.008237117            0.      4.870965           22.    0.01895529           21.    0.01958758  -0.001041883   7.558376E-5    0.07254536      1.460139      6.951015    0.01803521    0.01774074     0.8825921     0.8886845     0.1355999      0.128131          65          69  -0.005831402   0.004005637   0.002625394   0.003963089    0.01061335   0.003455367   6.652392E-4   0.003347326          28           0           1           0         NaN            2.
           5.   0.001074149   1.581917E-5   1.265533E-4   8.948673E-5          0.05   1.250876E-4            0.            0.           22.   3.183359E-4           21.   3.127562E-4         -0.04         NaN         NaN      1.495349      7.422338    0.01610892    0.01587311     0.8907828     0.9011546     0.1255705     0.1130017          71          81   2.983257E-5   6.472227E-5   5.938755E-5   7.577402E-5   1.908725E-4   1.594614E-4  -8.435675E-5   8.114411E-5          32           0           1           0         NaN            2.
          5.5   8.488239E-4   1.381090E-5   1.138876E-4   8.053068E-5          0.05   1.174022E-4            0.    0.06966693           22.   3.280423E-4           21.   3.378186E-4        -0.032         NaN         NaN      1.531407      7.677956    0.01781074    0.01752354     0.9121435      0.915296    0.09984212    0.09609607          93          97   1.044855E-4   1.012038E-4   3.254079E-5   6.220121E-5   2.454908E-4   1.996394E-4   2.858882E-5   4.222363E-5          34           0           1           0         NaN            2.
         6.05   6.239760E-4   1.108407E-5   9.534878E-5   6.742177E-5          0.05         NaN            0.         NaN           22.         NaN           21.         NaN       -0.0256         NaN         NaN      1.568335       8.01208    0.01946007    0.01911722     0.9215971     0.9252009    0.08864729    0.08440991         107         113   1.218000E-4   1.408418E-4   4.301382E-5   1.074764E-4   2.362185E-4   2.104684E-4   6.252665E-5   1.053986E-4          37           0           1           4         NaN            2.
        6.655   4.663421E-4   9.356386E-6   8.472567E-5   5.991010E-5          0.05         NaN            0.         NaN           22.         NaN           21.         NaN      -0.02048         NaN         NaN      1.606153      8.328238    0.02200506    0.02156781     0.9375818     0.9375818    0.06997704    0.06997704         137         137   1.157518E-4   1.346446E-4   5.399283E-5   1.063012E-4   1.837871E-4   1.733437E-4   9.424693E-5   1.183502E-4          41           0           1           4         NaN            2.
       7.3205   3.403269E-4   6.887738E-6   6.534282E-5   4.620435E-5          0.05         NaN            0.         NaN           22.         NaN           21.         NaN     -0.016384         NaN         NaN      1.644884      8.670259    0.02219914    0.02175444     0.9457463     0.9516746    0.06056337    0.05377876         159         177   1.005623E-4   1.146342E-4   3.423733E-5   8.582320E-5   1.782831E-4   1.600786E-4   1.620108E-4   1.484525E-4          45           0           1           4         NaN            2.
      8.05255   2.343669E-4   5.083716E-6   5.032622E-5   3.558601E-5          0.05         NaN            0.         NaN           22.         NaN           21.         NaN    -0.0131072         NaN         NaN      1.684548      9.075259    0.02381024     0.0232991     0.9549873      0.956103    0.05000602    0.04873827         191         197   1.226004E-4   1.178898E-4  -9.823693E-5   1.025105E-4   8.736583E-5   9.284774E-5   1.322881E-4   1.224046E-4          49           0           1           4         NaN            2.
     8.857805   1.760332E-4   4.324168E-6   4.493808E-5   3.177602E-5          0.05         NaN            0.         NaN           22.         NaN           21.         NaN   -0.01048576         NaN         NaN      1.725169      9.386014    0.02700343    0.02634853     0.9631785     0.9646205    0.04073303    0.03910881         233         241   8.704980E-5   9.340361E-5  -1.542290E-4   1.383199E-4  -5.183647E-5   7.326360E-5   9.461896E-5   9.700684E-5          54           0           1           4         NaN            2.
     9.743586   1.348725E-4   3.419620E-6   3.746006E-5   2.648827E-5          0.05         NaN            0.         NaN           22.         NaN           21.         NaN   -0.00838861         NaN         NaN      1.766769      9.675191    0.02788371    0.02718473     0.9713964     0.9723923    0.03150873    0.03039627         285         293  -5.501545E-5   7.414546E-5   4.177485E-5   6.809446E-5   1.129830E-4   1.072357E-4  -1.975197E-5   5.950908E-5          60           0           1           4         NaN            2.
     10.71794   9.257394E-5   3.791066E-6   4.322480E-5   3.056455E-5          0.05         NaN            0.         NaN           22.         NaN           21.         NaN  -0.006710888         NaN         NaN      1.809372      10.08378    0.04539856     0.0435768     0.9781641     0.9792274    0.02397066    0.02279108         345         357   1.392564E-4   1.293908E-4   2.663120E-4   2.226355E-4   8.648891E-5   9.397095E-5  -6.523362E-5   8.247556E-5          65           1           1           4         NaN            2.
     11.78974   6.933875E-5   3.519069E-6   4.193455E-5   2.965221E-5          0.05         NaN            0.         NaN           22.         NaN           21.         NaN   -0.00536871         NaN         NaN      1.853003      10.39756    0.05655046    0.05375049     0.9840946     0.9849173    0.01740792    0.01650054         421         437   1.322814E-4   1.287450E-4   2.095563E-4   1.834700E-4   9.410010E-5   1.020000E-4   2.059823E-4   1.783862E-4          71           1           1           4         NaN            2.
     12.96871   4.357117E-5   2.933941E-6   3.664491E-5   2.591187E-5          0.05         NaN            0.         NaN           22.         NaN           21.         NaN  -0.004294969         NaN         NaN      1.897685        10.902    0.07568759      0.070754     0.9883457     0.9893917    0.01272776    0.01157929         493         517  -1.550328E-5   7.598044E-5   8.364276E-5   1.003030E-4   1.460278E-4   1.374943E-4   4.169313E-6   7.336755E-5          78           1           1           4         NaN            2.
     14.26558   2.960835E-5   3.036097E-6   3.981804E-5   2.815561E-5          0.05         NaN            0.         NaN           22.         NaN           21.         NaN  -0.003435975         NaN         NaN      1.943446      11.32146     0.1174646     0.1059878     0.9925175     0.9933553   0.008154534    0.00723843         611         641   2.826852E-5   9.030622E-5   8.478300E-5   1.117435E-4   6.826072E-5   1.022968E-4   1.433477E-4   1.434683E-4          86           1           1           4         NaN            2.
     15.69214   2.298040E-5   2.465623E-6   3.416467E-5   2.415807E-5          0.05         NaN            0.         NaN           22.         NaN           21.         NaN   -0.00274878         NaN         NaN      1.990309      11.59661     0.1232265     0.1106563     0.9953327     0.9965037   0.005079365   0.003802699         731         777  -1.059061E-4   1.159266E-4   1.638848E-4   1.531695E-4   2.113134E-5   7.793072E-5   2.089023E-4   1.836501E-4          96           0           1           4         NaN            2.
     17.26136   1.236305E-5   2.139835E-6   3.100916E-5   2.192679E-5          0.05         NaN            0.         NaN           22.         NaN           21.         NaN  -0.002199024         NaN         NaN      2.038303      12.26969      0.206345     0.1733225     0.9980907     0.9988512    0.00207493   0.001247968         887         941   3.253560E-5   8.382419E-5  -9.015670E-5   1.078683E-4   1.951352E-5   8.110306E-5  -3.395789E-5   8.459634E-5         105           0           1           4         NaN            2.
     18.98749   4.339192E-6   1.409728E-6   2.100448E-5   1.485241E-5          0.05         NaN            0.         NaN           22.         NaN           21.         NaN  -0.001759219         NaN         NaN      2.087454      13.40648     0.4265516     0.3054437     0.9997075     0.9999941   3.176026E-4   6.406796E-6        1073        1125   2.999560E-5   6.235727E-5  -2.919964E-5   6.417430E-5   9.526036E-5   9.430992E-5   1.759775E-4   1.511623E-4         111           5           1           4         NaN            2.
