           0.    0.08436041         NaN         NaN         NaN         NaN         NaN         NaN         NaN           41.         NaN           41.         NaN   -0.03069981         NaN         NaN            0.      2.684653         NaN         NaN         NaN         NaN         NaN         NaN       NaN       NaN         NaN         NaN         NaN         NaN         NaN         NaN         NaN         NaN           1           0       NaN       NaN         NaN         NaN
    0.5076277    0.06877633   5.021363E-4   0.002560403   0.001810478          0.05    0.08740466            0.      53.12073           41.    0.02291886           41.    0.02337236   -0.02926894    0.01455624     0.4973273     0.8440853      2.906403   0.007955981   0.007898326    0.08436041    0.08436041      2.684653      2.684653           1           1   -0.01326504    0.04291937    0.00422642    0.04082074   -0.00751615    0.01191937     0.1232657    0.06224682          13           0           1           0         NaN            2.
    0.5583904    0.06729056   5.420838E-4   0.002764096   0.001954511          0.05    0.08601279            0.       52.2748           41.    0.02480927           41.    0.02530019   -0.02899572    0.01427105     0.4921779     0.8644393      2.930115   0.008781843   0.008711566    0.08436041    0.08436041      2.684653      2.684653           1           1   -0.01364194    0.04225937   0.003451972    0.04014241  -0.007490792    0.01178295     0.1212131    0.06060601          13           0           1           0         NaN            2.
    0.6142295    0.06567147   5.840940E-4   0.002978307   0.002105981          0.05    0.08445444            0.      51.32771           41.    0.02679577           41.    0.02732599   -0.02869512    0.01396238     0.4865769     0.8852841      2.956558   0.009699955   0.009614083    0.08436041    0.08436041      2.684653      2.684653           1           1   -0.01406483    0.04151901   0.002586697    0.03938497  -0.007459929    0.01163081     0.1189062    0.05880931          13           0           1           0         NaN            2.
    0.6756524    0.06390893   6.279573E-4   0.003201967   0.002264132          0.05    0.08271196            0.       50.2687           41.     0.0288672           41.    0.02943841   -0.02836432    0.01362911     0.4805018     0.9066316      2.986096    0.01072104    0.01061613    0.08436041    0.08436041      2.684653      2.684653           1           1   -0.01453973    0.04068933    0.00161117    0.03854014  -0.007429029    0.01146271     0.1163143     0.0568469          13           0           1           0         NaN            2.
    0.7432177    0.06199249   6.735292E-4   0.003434338   0.002428444          0.05     0.0807545            0.      49.07906           41.    0.03100244           41.     0.0316159   -0.02800157    0.01327101     0.4739382     0.9284938      3.019152    0.01186071    0.01173258    0.08436041    0.08436041      2.684653      2.684653           1           1   -0.01507414    0.03975477   5.119788E-4     0.0375935  -0.007392007    0.01127412     0.1133877    0.05470232          13           0           1           0         NaN            2.
    0.8175395    0.05991136   7.205524E-4   0.003674111   0.002597989          0.05    0.07856189            0.      47.74648           41.    0.03317675           41.    0.03383323   -0.02760095    0.01288826     0.4669499     0.9508832      3.056227     0.0131374    0.01298013    0.08436041    0.08436041      2.684653      2.684653           1           1   -0.01567855    0.03870484  -7.298051E-4    0.03653555  -0.007350822    0.01106489      0.110087    0.05237528          13           0           1           0         NaN            2.
    0.8992935    0.05765487   7.687763E-4   0.003920005   0.002771862          0.05    0.07609273            0.      46.24582           41.    0.03534742           41.    0.03604685   -0.02716147    0.01248163     0.4595345     0.9738125       3.09791    0.01457476    0.01438163    0.08436041    0.08436041      2.684653      2.684653           1           1   -0.01636662    0.03751823  -0.002139275    0.03534655  -0.007303422    0.01083138     0.1063387    0.04984395          13           0           1           0         NaN            2.
    0.9892228    0.05521226   8.178696E-4   0.004170333   0.002948871          0.05    0.06742249            0.      40.97643           41.     0.0344518           41.    0.03513351   -0.02900771    0.01148187     0.3958212     0.9972947      3.144911    0.01620343    0.01596533    0.08436041    0.08436041      2.684653      2.684653           1           1   -0.01576967     0.0330919  -0.003441695    0.03126875  -0.006667295    0.00961282     0.0938734    0.03818893          13           0           1           0         NaN            2.
     1.088145    0.05234275   7.881367E-4   0.004018724   0.002841667          0.05    0.05073538            0.      30.83474           41.    0.02851746           41.    0.02908175   -0.03130305   0.009860223     0.3149924      1.021343      3.202859    0.01647249    0.01622636     0.3178337     0.3178337        1.2445        1.2445           5           5   -0.01468665    0.02473879  -0.002522253    0.02337454  -0.002801507   0.006888577    0.07047265    0.02313518          13           0           1           0         NaN            2.
      1.19696    0.04893652   7.280322E-4    0.00371225   0.002624957          0.05    0.03375667            0.      20.51582           41.    0.02087143           41.    0.02128442   -0.03288932   0.008227424     0.2501549      1.045972      3.275917    0.01627389    0.01603371     0.3178337     0.3178337        1.2445        1.2445           5           5  -0.008682747    0.01638305  -3.713232E-4    0.01560971  -0.005020627   0.006059211    0.04534321    0.01267405          13           0           1           0         NaN            2.
     1.316656     0.0449998   6.631588E-4    0.00338146   0.002391053          0.05    0.02578777            0.      15.67268           41.    0.01753877           41.    0.01788582   -0.03269391   0.006798357     0.2079396      1.071194      3.366973    0.01611949     0.0158836     0.3178337     0.3178337        1.2445        1.2445           5           5  -0.009091889    0.01239143   4.400864E-4    0.01177235  -0.007142689   0.006671415    0.03042897    0.00886157          13           0           1           0         NaN            2.
     1.448321    0.04069514   6.012002E-4   0.003065531   0.002167658          0.05    0.01982999            0.       12.0518           41.    0.01483544           41.      0.015129   -0.03215735   0.005581846     0.1735792      1.097024      3.476144    0.01615947    0.01592252     0.3178337     0.4825297        1.2445     0.7911898           5           9  -0.009393439   0.009347561   4.861527E-4   0.008848132  -0.007187349   0.006555806     0.0184997     0.0069284          13           0           1           0         NaN            2.
     1.593153    0.03603772   5.404800E-4   0.002755918   0.001948728          0.05    0.01428811            0.      8.683684           41.    0.01175832           41.    0.01199099   -0.03143171   0.004575814     0.1455795      1.123478      3.608107    0.01640678    0.01616257     0.4825297     0.4825297     0.7911898     0.7911898           9           9  -0.007767815    0.00659073   0.001733822   0.006246586   -0.00659088   0.005636809    0.00789733   0.005421786          13           0           1           0         NaN            2.
     1.752469    0.03103017   4.892020E-4   0.002494451   0.001763843          0.05   0.009977275            0.       6.06375           41.    0.00903182           41.   0.009210537   -0.03052878   0.003812442     0.1248802      1.150569       3.77054    0.01725344    0.01698341     0.4825297     0.4825297     0.7911898     0.7911898           9           9  -0.005041446    0.00456183   0.002490619   0.004354288  -0.005305729   0.004202159  -0.002500938   0.003970604          13           0           1           0         NaN            2.
     1.927716     0.0256801   4.550426E-4   0.002320271   0.001640679          0.05    0.01199012            0.      7.287067           41.    0.01193932           41.    0.01217556   -0.02761371   0.003249062     0.1176612      1.178313      3.976008     0.0194113    0.01907046     0.4825297     0.4825297     0.7911898     0.7911898           9           9  -0.004055936   0.005693803   0.001780786   0.005458015  -0.003056042   0.002764342   -0.01490651   0.003148312          13           0           1           0         NaN            2.
     2.120487    0.02035696   4.303737E-4   0.002194484   0.001551735          0.05    0.02352363            0.      13.84185           41.    0.02512153           41.    0.02610193   -0.01855426   0.002503798     0.1349447      1.206727      4.228218    0.02320019    0.02271449     0.5684242     0.5684242     0.6133186     0.6133186          13          13  -0.005522372    0.01082496   0.005657363    0.01081746  -0.003250481   0.003949533   -0.03163802   0.005798828          13           0           1           0         NaN            2.
     2.332536    0.01642255   3.109054E-4   0.001702899   0.001204132          0.05    0.01261737            0.      7.770091           41.    0.01549377           41.    0.01542461   -0.01508365    0.00160985     0.1067282      1.235825      4.461399    0.02075163    0.02036274     0.6994636     0.6994636     0.3880872     0.3880872          21          21  -0.007805926   0.006008928  -7.325962E-4   0.005631221  -0.003894993   0.005836361  -0.002453616   0.005470955          15           0           1           0         NaN            2.
      2.56579    0.01290424   2.105721E-4   0.001191176   8.422885E-4          0.05   0.009472095            0.      5.668703           41.    0.01244669           41.     0.0127209   -0.01239831   0.001097035    0.08848264      1.265626      4.723169    0.01786317    0.01757418     0.6994636     0.6994636     0.3880872     0.3880872          21          21  -0.008702761   0.004065707   7.628644E-4   0.003916265   0.001744392   0.001160507    0.01343427   0.001637951          16           0           1           0         NaN            2.
     2.822369   0.009723091   1.867838E-4   0.001120703   7.924567E-4          0.05    0.01068414            0.      6.527427           41.    0.01575968           41.    0.01579349   -0.01036778   8.437600E-4    0.08138293      1.296145      5.030489    0.02106054    0.02065938     0.6994636     0.6994636     0.3880872     0.3880872          21          21  -0.009093257   0.004920598    0.00264092   0.004660144  -0.001253278   0.004258671   0.008681008   0.004119435          18           0           1           0         NaN            2.
     3.104606   0.006796922   1.477246E-4   9.106357E-4   6.439167E-4          0.05    0.01362368            0.      8.003988           41.    0.02127222           41.    0.02212782  -0.006422252   5.262691E-4    0.08194464      1.327399      5.419219    0.02385749     0.0233448     0.7448847     0.7569168     0.3197774     0.3023797          27          29  -0.008012504   0.006366481   0.003676162   0.006342563   1.788054E-4   0.004662095   -0.01714926   0.004871119          19           0           1           0         NaN            2.
     3.415067   0.004803065   6.980237E-5   4.414689E-4   3.121657E-4          0.05   0.008976026            0.      5.599471           41.    0.01597396           41.    0.01646261  -0.003772284   2.660525E-4    0.07052823      1.359408      5.796204    0.01589478    0.01566509     0.8000937     0.8000937     0.2421479     0.2421479          37          37  -0.008210436   0.003214708    0.01032004   0.003260601   7.461006E-5   0.003098068   2.614314E-4   0.003237469          20           1           1           0         NaN            2.
     3.756574   0.003514805   5.816300E-5   3.944806E-4   2.789399E-4          0.05   0.008481323            0.      4.984893           41.    0.01603178           41.    0.01666706  -0.002930219   1.831896E-4    0.06251737      1.392188      6.135247    0.01811719    0.01781959     0.8271153     0.8271153     0.2060849     0.2060849          45          45  -0.009459936    0.00366314   0.002800428   0.003619558   0.001513487   0.002964296   0.009139621   0.003017586          23           0           1           0         NaN            2.
     4.132231   0.002414047   3.678015E-5   2.652255E-4   1.875427E-4          0.05   0.006252386            0.       3.77193           41.    0.01334156           41.     0.0135221  -0.001721899   1.031530E-4     0.0599065      1.425759      6.543136    0.01666967     0.0164173     0.8320174     0.8531381      0.199669     0.1724517          47          57  -0.006988188   0.002832296   0.003158877   0.002730213   0.003470052   0.002362316  -0.006248299    0.00231612          26           0           1           0         NaN            2.
     4.545455   0.001702518   2.154362E-5   1.612177E-4   1.139981E-4          0.05   0.006057109            0.      3.581831           41.    0.01393865           41.     0.0144036  -0.001101245   5.896432E-5    0.05354334      1.460139      6.922271    0.01382641    0.01365277     0.8669956     0.8731395     0.1549577     0.1472909          65          69  -0.005249302   0.002639862   0.006025665    0.00262844   0.004836641    0.00244598   0.001000698   0.002417292          28           0           1           0         NaN            2.
           5.   0.001085396   1.312604E-5   1.050083E-4   7.425208E-5          0.05   1.169809E-4            0.            0.           41.   2.977049E-4           41.   2.924868E-4         -0.04         NaN         NaN      1.495349       7.41103    0.01321017    0.01305147      0.875345     0.8856537     0.1445519     0.1318402          71          81  -3.490693E-5   5.731780E-5   1.452425E-4   1.261474E-4   1.206303E-4   1.049758E-4  -9.133502E-5   8.354745E-5          32           0           1           0         NaN            2.
          5.5   8.506439E-4   9.735985E-6   8.028499E-5   5.677006E-5          0.05   8.635969E-5            0.    0.05124617           41.   2.413041E-4           41.   2.484954E-4        -0.032         NaN         NaN      1.531407      7.675631    0.01249833     0.0123562     0.8967145     0.8998663     0.1183645      0.114555          93          97   9.308792E-6   3.945458E-5   1.190977E-4   1.027116E-4   1.437981E-4   1.186001E-4   8.922485E-6   2.943179E-5          34           0           1           0         NaN            2.
         6.05   6.177058E-4   8.558872E-6   7.362619E-5   5.206158E-5          0.05         NaN            0.         NaN           41.         NaN           41.         NaN       -0.0256         NaN         NaN      1.568335      8.023046    0.01514927    0.01494031     0.9061807     0.9098665      0.106963     0.1025558         107         113   9.692762E-6   7.977049E-5   7.222081E-5   9.826852E-5   1.534430E-4   1.433869E-4   6.373918E-5   9.002708E-5          37           0           1           4         NaN            2.
        6.655   4.510001E-4   6.235973E-6   5.646914E-5   3.992971E-5          0.05         NaN            0.         NaN           41.         NaN           41.         NaN      -0.02048         NaN         NaN      1.606153      8.364558    0.01511733    0.01490945     0.9217861     0.9217861    0.08842458    0.08842458         137         137   1.350944E-5   6.685773E-5   5.383230E-5   7.844216E-5   1.707162E-4   1.483172E-4   9.516472E-5   9.538800E-5          41           0           1           4         NaN            2.
       7.3205   3.227799E-4   4.161991E-6   3.904294E-5   2.760753E-5          0.05         NaN            0.         NaN           41.         NaN           41.         NaN     -0.016384         NaN         NaN      1.644884      8.727734    0.01409093    0.01391005     0.9294453     0.9350411    0.07944045    0.07292328         159         177   7.102215E-6   5.035584E-5   2.722113E-5   5.464252E-5   1.468963E-4   1.256275E-4   5.211856E-5   6.022942E-5          44           1           1           4         NaN            2.
      8.05255   2.364221E-4   3.468142E-6   3.433286E-5   2.427700E-5          0.05         NaN            0.         NaN           41.         NaN           41.         NaN    -0.0131072         NaN         NaN      1.684548       9.06578    0.01604522    0.01581102     0.9384632      0.939814    0.06895694    0.06739525         191         197   1.298230E-5   4.792964E-5   4.640330E-5   5.995854E-5   1.401151E-4   1.196133E-4   3.018987E-5   4.845591E-5          49           0           1           4         NaN            2.
     8.857805   1.746185E-4   2.428455E-6   2.523725E-5   1.784543E-5          0.05         NaN            0.         NaN           41.         NaN           41.         NaN   -0.01048576         NaN         NaN      1.725169      9.394774    0.01520563     0.0149954     0.9469727     0.9484153    0.05915632    0.05750364         233         241   1.259897E-5   3.884188E-5   1.497219E-5   3.953577E-5   1.173235E-4   9.970371E-5   1.718229E-5   3.647523E-5          54           0           1           4         NaN            2.
     9.743586   1.275018E-4   1.934299E-6   2.118918E-5   1.498302E-5          0.05         NaN            0.         NaN           41.         NaN           41.         NaN   -0.00838861         NaN         NaN      1.766769      9.736209    0.01659795    0.01634745      0.954629      0.955708    0.05041344    0.04918692         285         293  -9.601159E-6   3.492504E-5   1.445176E-5   3.579422E-5   1.010884E-4   8.670973E-5  -1.312161E-5   3.282514E-5          60           0           1           4         NaN            2.
     10.71794   9.414078E-5   1.527684E-6   1.755175E-5   1.241096E-5          0.05         NaN            0.         NaN           41.         NaN           41.         NaN  -0.006710888         NaN         NaN      1.809372      10.06556    0.01776342    0.01747753      0.961179     0.9622327    0.04298936    0.04179971         345         357  -2.045676E-5   3.445261E-5   2.545775E-5   3.638049E-5   9.041610E-5   7.759613E-5  -4.364586E-6   2.814874E-5          66           0           1           4         NaN            2.
     11.78974   6.776189E-5   9.483678E-7   1.114080E-5   7.877735E-6          0.05         NaN            0.         NaN           41.         NaN           41.         NaN   -0.00536871         NaN         NaN      1.853003      10.42254    0.01530325    0.01508985     0.9670563     0.9681419    0.03637056    0.03515251         421         437  -1.909613E-6   2.123109E-5   3.229688E-6   2.201441E-5   8.512975E-5   7.071310E-5   1.977950E-5   2.427020E-5          69           3           1           4         NaN            2.
     12.96871   5.131924E-5   8.010407E-7   1.000500E-5   7.074600E-6          0.05         NaN            0.         NaN           41.         NaN           41.         NaN  -0.004294969         NaN         NaN      1.897685       10.7243     0.0170809    0.01681625     0.9712967      0.972553    0.03162025    0.03021686         493         517  -1.548856E-6   2.050011E-5   1.365632E-5   2.334944E-5   7.440110E-5   6.226495E-5   3.516976E-5   3.350961E-5          78           1           1           4         NaN            2.
     14.26558   3.815956E-5   7.201820E-7   9.499853E-6   6.717411E-6          0.05         NaN            0.         NaN           41.         NaN           41.         NaN  -0.003435975         NaN         NaN      1.943446      11.04599    0.02068653    0.02030032     0.9765525     0.9776658    0.02576096     0.0245239         611         641  -4.279868E-6   2.125127E-5   3.487000E-6   2.124243E-5   9.040432E-5   7.460551E-5   2.483974E-5   2.707256E-5          87           0           1           4         NaN            2.
     15.69214   2.814580E-5   4.878502E-7   6.724552E-6   4.754976E-6          0.05         NaN            0.         NaN           41.         NaN           41.         NaN   -0.00274878         NaN         NaN      1.990309      11.37647    0.01898429    0.01865761     0.9804292     0.9816239    0.02145944    0.02013714         731         777  -9.715893E-6   1.751567E-5   3.387305E-5   3.136577E-5   8.583137E-5   6.964558E-5   5.490890E-5   4.545315E-5          95           1           1           4         NaN            2.
     17.26136   2.148891E-5   4.151237E-7   6.015714E-6   4.253752E-6          0.05         NaN            0.         NaN           41.         NaN           41.         NaN  -0.002199024         NaN         NaN      2.038303      11.66946    0.02117942    0.02077446     0.9843428     0.9854513    0.01713406     0.0159121         887         941   5.223364E-6   1.606636E-5   1.186677E-5   1.827550E-5   6.376393E-5   5.292571E-5   1.366178E-5   1.791932E-5         105           0           1           4         NaN            2.
     18.98749   1.517123E-5   4.185800E-7   6.375622E-6   4.508245E-6          0.05         NaN            0.         NaN           41.         NaN           41.         NaN  -0.001759219         NaN         NaN      2.087454      12.04745    0.03037662    0.02955038     0.9875945     0.9884779    0.01355329    0.01258254        1073        1125  -3.778739E-5   3.492424E-5  -6.814039E-6   1.835627E-5   5.992573E-5   5.068942E-5   1.833516E-5   2.207938E-5         116           0           1           4         NaN            2.
     20.88624   1.013426E-5   5.977294E-7   6.547798E-6   4.629992E-6          0.05         NaN            0.         NaN           41.         NaN           41.         NaN  -0.001407375         NaN         NaN       2.13779      12.48552    0.06600365    0.06222085     0.9904249     0.9912008    0.01044616   0.009595885        1295        1369  -1.148908E-5   3.025130E-5   3.938225E-5   4.259947E-5   2.869504E-5   3.651839E-5   2.323705E-5   3.382160E-5          60           0           1           4         NaN            2.
     22.97487   7.486953E-6   6.069138E-7   6.779123E-6   4.701134E-6          0.05         NaN            0.         NaN           41.         NaN           41.         NaN    -0.0011259         NaN         NaN       2.18934      12.81424    0.09178514    0.08462777     0.9927507     0.9933628    0.00789949   0.007230221        1567        1649  -2.583380E-6   3.390359E-5  -3.703166E-6   3.379576E-5   4.859977E-5   5.110709E-5   1.387617E-5   3.481695E-5          60           0           1           4         NaN      2.079418
     25.27235   4.888876E-6   4.471908E-7   6.294088E-6   3.463925E-6          0.05         NaN            0.         NaN           41.         NaN           41.         NaN  -9.007204E-4         NaN         NaN      2.242133      13.27698     0.1041531    0.09503059     0.9949171     0.9954816   0.005532768   0.004916896        1899        2009  -1.336556E-5   2.959393E-5   4.661617E-5   4.630751E-5  -3.303096E-5   3.795384E-5   2.304846E-6   2.716614E-5          60           0           1           4         NaN      3.301631
     27.79959   3.921777E-6   2.699296E-7   5.270540E-6   2.073368E-6          0.05         NaN            0.         NaN           41.         NaN           41.         NaN  -7.205763E-4         NaN         NaN      2.296199      13.51629    0.07742585    0.07226973     0.9967367      0.997078   0.003548871   0.003177164        2307        2425  -1.014380E-5   2.065063E-5   3.420020E-5   3.308367E-5   2.681804E-5   2.805705E-5   2.434192E-5   2.668545E-5          59           1           1           4         NaN      6.461858
     30.57955   2.614143E-6   3.262682E-7   7.493237E-6   2.527262E-6          0.05         NaN            0.         NaN           41.         NaN           41.         NaN  -5.764611E-4         NaN         NaN      2.351569      13.95668     0.1447426     0.1276967      0.998263     0.9986134   0.001887562   0.001506508        2795        2941   2.142041E-5   3.152143E-5   1.656793E-5   2.946879E-5   1.237165E-5   2.782168E-5   3.454217E-5   3.785189E-5          60           0           1           4         NaN         8.791
     33.63751   1.411477E-6   2.682040E-7   6.759346E-6   2.128803E-6          0.05         NaN            0.         NaN           41.         NaN           41.         NaN  -4.611689E-4         NaN         NaN      2.408274      14.62582     0.2288101     0.1888822     0.9993001     0.9996325   7.601486E-4   3.990408E-4        3377        3569   1.444465E-6   2.457409E-5   2.134914E-5   3.016420E-5   5.284596E-5   4.855155E-5  -1.465282E-5   2.626436E-5          63           1           1           4         NaN      10.08181
     37.00126   2.670865E-7   2.367118E-7   6.539284E-6   1.966276E-6          0.05         NaN            0.         NaN           41.         NaN           41.         NaN  -3.689351E-4         NaN         NaN      2.466347      16.43337      2.360349     0.6890124      1.000456      1.000476  -4.953444E-4  -5.164316E-4        4081        4293   6.701513E-6   2.522201E-5   3.129518E-5   3.503830E-5   2.073250E-5   2.962943E-5   8.236764E-6   2.517726E-5          69           1           1           4         NaN      11.06042
